Train Dataset Size: 73 Sample rate: 0.09203125
Epsilon = 0.98
Train Dataset Size: 73 Sample rate: 0.09203125
Correct: 631, Total: 1279
Accuracy = 0.49
Loss: 183.99, Accuracy: 0.49, AUC: 0.52
Epsilon = 1.43
Train Dataset Size: 73 Sample rate: 0.09203125
Correct: 638, Total: 1279
Accuracy = 0.50
Loss: 172.18, Accuracy: 0.50, AUC: 0.57
Epsilon = 1.79
Train Dataset Size: 73 Sample rate: 0.09203125
